69961 102687 
69961 102327 
69961 101965 
69961 102086 
69961 101618 
69961 102553 
69961 102183 
69961 102746 
69961 70167 
69961 70283 
69961 70315 
69961 71296 
69961 74287 
69961 76549 
69961 80528 
69961 82062 
69961 82776 
69961 87032 
69961 87082 
69961 87098 
69961 87172 
69961 87216 
69961 87227 
69961 87236 
69961 91171 
69961 93723 
69961 94309 
69961 97864 
69961 97938 
69961 99825 
69961 100107 
69961 100459 
69963 103111 
69963 98073 
69964 99396 
69964 94139 
69964 99982 
69965 70037 
69965 70265 
69967 69986 
69968 99427 
69968 102282 
69968 102855 
69968 72732 
69968 92566 
69968 100234 
69969 99544 
69969 102501 
69971 101716 
69971 102047 
69971 75712 
69971 98850 
69972 99307 
69972 100507 
69972 101915 
69972 72212 
69972 72845 
69972 72895 
69972 72910 
69972 72946 
69972 73028 
69972 74911 
69972 76570 
69972 76652 
69972 76936 
69972 77456 
69972 77798 
69972 78624 
69972 78686 
69972 78764 
69972 78788 
69972 80344 
69972 80530 
69972 81967 
69972 89900 
69972 90208 
69972 91896 
69972 91898 
69972 92964 
69972 94781 
69972 96623 
69972 96748 
69972 97068 
69972 97133 
69972 97286 
69972 97640 
69973 101169 
69973 101558 
69973 71053 
69973 72459 
69973 72529 
69973 73294 
69973 73375 
69973 74124 
69973 74183 
69973 75867 
69973 77855 
69973 79056 
69973 80247 
69973 82871 
69973 83856 
69973 83957 
69973 88674 
69973 91230 
69973 95327 
69973 96724 
69974 101603 
69976 102936 
69976 72464 
69976 80806 
69976 82169 
69976 87341 
69976 91273 
69977 84648 
69978 99340 
69978 99366 
69978 99583 
69978 99662 
69978 99713 
69978 99729 
69978 100755 
69978 101090 
69978 101532 
69978 103105 
69978 103584 
69978 102747 
69978 101717 
69978 101879 
69978 103349 
69978 101993 
69978 101522 
69978 101797 
69978 103021 
69978 102884 
69978 103615 
69978 101628 
69978 103030 
69978 102295 
69978 103020 
69978 102389 
69978 69982 
69978 70019 
69978 70103 
69978 70622 
69978 71967 
69978 72451 
69978 72465 
69978 72819 
69978 72936 
69978 74022 
69978 74073 
69978 75164 
69978 76027 
69978 76100 
69978 77213 
69978 77249 
69978 79519 
69978 81536 
69978 82393 
69978 82711 
69978 82779 
69978 82830 
69978 86551 
69978 90162 
69978 92028 
69978 92302 
69978 92958 
69978 93310 
69978 94010 
69978 94117 
69978 94792 
69978 95747 
69978 96459 
69978 97313 
69978 97957 
69978 98073 
69978 98098 
69978 98122 
69978 98743 
69978 98759 
69978 99041 
69978 99250 
69978 99884 
69978 100110 
69978 100220 
69978 100409 
69979 99733 
69979 101716 
69979 101558 
69979 101681 
69979 71399 
69979 72959 
69979 72981 
69979 76457 
69979 77257 
69979 81196 
69979 82585 
69979 83059 
69979 93739 
69979 93789 
69979 93809 
69979 94229 
69979 97006 
69980 101626 
69980 71106 
69980 74980 
69980 77756 
69980 90287 
69980 93603 
69981 77138 
69982 102985 
69982 103225 
69982 101871 
69982 74154 
69982 74177 
69982 79970 
69982 81269 
69982 82719 
69982 84704 
69982 87035 
69982 88964 
69982 90703 
69982 91293 
69982 93948 
69982 94035 
69982 95068 
69982 96274 
69982 97746 
69983 102568 
69983 88766 
69984 101539 
69985 99262 
69986 93457 
69987 82792 
69987 100402 
69988 99441 
69988 99459 
69988 99652 
69988 101195 
69988 101530 
69988 101702 
69988 102553 
69988 87236 
69988 94139 
69988 98873 
69989 80234 
69989 83865 
69990 100203 
69992 92308 
69993 101624 
69993 91555 
69994 102112 
69994 103099 
69994 70291 
69994 74010 
69994 74276 
69994 83346 
69994 86699 
69994 95091 
69994 96097 
69994 98941 
69995 101610 
69995 70037 
69996 95201 
69997 99348 
69997 71462 
69997 72351 
69997 72974 
69997 72991 
69997 74124 
69997 76677 
69997 81923 
69997 82058 
69997 94666 
69998 73931 
69999 101737 
69999 79679 
69999 79914 
69999 89887 
70000 102103 
70000 79387 
70000 86113 
70000 96447 
70001 99452 
70001 70976 
70001 72538 
70001 82808 
70002 99678 
70002 75204 
70002 76142 
70002 83720 
70002 85914 
70002 86160 
70002 91267 
70002 98380 
70002 98737 
70003 100755 
70003 72975 
70003 77033 
70003 78333 
70003 78847 
70003 86938 
70003 89827 
70003 94465 
70006 100501 
70006 102230 
70006 71178 
70006 78044 
70006 79841 
70006 82991 
70006 83291 
70006 85928 
70006 97058 
70006 100417 
70007 101842 
70007 73316 
70009 99414 
70009 101780 
70011 103047 
70011 102335 
70012 102666 
70012 70043 
70012 94561 
70013 75649 
70013 84280 
70014 101842 
70014 73231 
70014 73316 
70014 73586 
70014 75488 
70014 77670 
70014 85003 
70014 92139 
70016 98672 
70017 103176 
70017 71025 
70017 74530 
70017 74723 
70017 91222 
70017 93031 
70017 95025 
70017 97232 
70018 101520 
70018 101723 
70018 71524 
70018 82560 
70019 99408 
70019 100756 
70019 102004 
70019 103021 
70019 101627 
70019 75447 
70019 84975 
70025 74048 
70025 74835 
70026 88355 
70027 102267 
70027 75345 
70027 96733 
70028 101276 
70028 72150 
70028 79645 
70028 83157 
70028 86469 
70028 93207 
70030 101527 
70030 78255 
70030 78485 
70030 79330 
70030 79387 
70031 96993 
70031 99781 
70032 85412 
70033 91083 
70035 102160 
70035 100271 
70035 100283 
70036 77429 
70036 94398 
70037 99346 
70037 101049 
70037 101606 
70037 101882 
70037 101801 
70037 101802 
70037 101871 
70037 70068 
70037 70088 
70037 70291 
70037 70769 
70037 71933 
70037 71962 
70037 72631 
70037 72971 
70037 74123 
70037 74764 
70037 76677 
70037 76702 
70037 78295 
70037 78440 
70037 79105 
70037 79392 
70037 80345 
70037 80711 
70037 82058 
70037 82215 
70037 82833 
70037 85572 
70037 87896 
70037 89628 
70037 90489 
70037 90525 
70037 91293 
70037 94122 
70037 94296 
70037 94557 
70037 94794 
70037 95069 
70037 95908 
70037 96103 
70037 96365 
70037 96451 
70037 96549 
70037 96575 
70037 96662 
70037 96797 
70037 96863 
70037 97078 
70037 97127 
70037 97225 
70037 97232 
70037 97371 
70038 81967 
70039 101101 
70039 101598 
70039 71969 
70039 72549 
70039 75402 
70039 75404 
70039 80370 
70039 80521 
70039 80747 
70039 81852 
70039 82738 
70039 83902 
70039 84455 
70039 85908 
70039 88014 
70039 90033 
70039 91176 
70039 91561 
70039 92409 
70039 92855 
70039 94561 
70039 96624 
70039 97463 
70039 98373 
70043 100659 
70043 101716 
70043 83952 
70043 92946 
70043 95539 
70045 103469 
70045 91737 
70046 101809 
70046 77275 
70046 91997 
70046 94899 
70046 95344 
70046 95948 
70047 103057 
70047 98112 
70048 99652 
70048 99749 
70048 71490 
70048 72615 
70049 75723 
70050 85564 
70051 102801 
70052 80181 
70052 81536 
70053 73014 
70053 73030 
70053 73206 
70053 82233 
70053 84535 
70053 85604 
70053 86422 
70053 89966 
70053 90862 
70053 91779 
70053 92928 
70053 95102 
70053 95424 
70053 95991 
70054 89414 
70055 99411 
70055 73412 
70055 94059 
70055 98515 
70056 99726 
70056 87946 
70057 101187 
70057 70082 
70057 72593 
70057 73344 
70057 73648 
70057 73736 
70057 77096 
70057 81510 
70057 82058 
70057 83902 
70057 84318 
70057 84375 
70057 85928 
70057 85955 
70057 85967 
70057 86601 
70057 86639 
70057 88972 
70057 89570 
70057 89659 
70058 70758 
70058 70874 
70058 84861 
70059 103332 
70059 74292 
70059 75446 
70059 75520 
70059 78568 
70059 87650 
70059 95636 
70059 96070 
70060 100002 
70060 100238 
70062 99607 
70062 101758 
70062 70254 
70062 70320 
70062 85863 
70062 86343 
70062 98672 
70064 74248 
70064 82508 
70066 99583 
70066 73673 
70066 77273 
70066 79028 
70066 86590 
70066 100273 
70067 103673 
70067 98355 
70068 73818 
70069 99530 
70069 102169 
70069 70116 
70069 72957 
70069 85232 
70069 96332 
70069 99031 
70069 100154 
70070 100893 
70070 74093 
70071 100138 
70072 102211 
70072 102324 
70072 72739 
70072 76009 
70072 83331 
70072 83359 
70073 72685 
70073 80530 
70074 101527 
70074 72958 
70074 80528 
70074 89897 
70074 95834 
70074 96739 
70075 101619 
70075 101627 
70076 70099 
70076 76008 
70076 82630 
70076 89895 
70076 94138 
70077 94334 
70077 96357 
70078 101900 
70078 70099 
70078 70116 
70078 71307 
70078 76318 
70078 89771 
70078 94096 
70078 97116 
70078 97591 
70078 98852 
70079 101527 
70079 73014 
70079 83376 
70080 99414 
70080 99634 
70080 101556 
70080 75304 
70080 80522 
70080 82644 
70080 99088 
70080 100053 
70080 100386 
70080 100472 
70081 99503 
70081 101127 
70081 102285 
70081 77606 
70081 98300 
70081 98427 
70081 99952 
70081 99982 
70083 73689 
70083 76046 
70083 96894 
70084 99346 
70084 101049 
70084 97431 
70085 102875 
70085 100109 
70086 100107 
70086 100115 
70087 103126 
70087 70992 
70087 71945 
70087 75489 
70087 76457 
70087 78166 
70087 78947 
70087 83172 
70087 93247 
70088 100756 
70088 101187 
70088 72971 
70088 79262 
70088 79679 
70088 85356 
70090 99692 
70090 99750 
70090 70245 
70090 75304 
70090 97910 
70090 98605 
70090 100235 
70091 73316 
70091 78320 
70092 85537 
70093 72415 
70093 72633 
70093 87828 
70093 92015 
70093 94983 
70094 84169 
70095 71686 
70095 73180 
70095 82386 
70095 91982 
70096 70107 
70096 72610 
70096 91180 
70097 73689 
70097 91386 
70099 72481 
70099 96575 
70100 102696 
70100 83204 
70100 91629 
70100 99843 
70101 96062 
70102 70950 
70103 99398 
70103 104102 
70103 72419 
70103 72974 
70103 74066 
70103 75598 
70103 76258 
70103 76804 
70103 76953 
70103 81536 
70103 82630 
70103 82744 
70103 82858 
70103 83179 
70103 85901 
70103 86092 
70103 89550 
70103 89972 
70103 90489 
70103 92397 
70103 92831 
70103 94208 
70103 95156 
70103 95216 
70103 95373 
70103 95386 
70103 95619 
70103 95724 
70103 96912 
70103 97034 
70105 94101 
70105 100370 
70106 82873 
70107 99354 
70107 99506 
70107 99611 
70107 99655 
70107 99678 
70107 99744 
70107 99757 
70107 101530 
70107 102358 
70107 102892 
70107 102664 
70107 71188 
70107 77045 
70107 89970 
70107 90320 
70107 97864 
70107 99882 
70107 99943 
70107 99952 
70107 100192 
70107 100370 
70109 99749 
70109 102199 
70109 70532 
70109 73194 
70109 74267 
70109 77619 
70109 77825 
70109 77838 
70109 81681 
70109 87260 
70109 89907 
70111 75715 
70112 77246 
70112 77372 
70112 79462 
70112 92090 
70112 92140 
70112 92218 
70113 77346 
70113 100466 
70114 70135 
70115 82194 
70115 86215 
70116 100543 
70116 101557 
70116 101876 
70116 70643 
70116 70843 
70116 71035 
70116 71039 
70116 71053 
70116 71086 
70116 71250 
70116 71335 
70116 72568 
70116 72698 
70116 72774 
70116 73085 
70116 74120 
70116 74340 
70116 75181 
70116 75751 
70116 76119 
70116 76627 
70116 76781 
70116 76809 
70116 76971 
70116 79334 
70116 79412 
70116 79670 
70116 79802 
70116 80608 
70116 81035 
70116 81368 
70116 81660 
70116 81819 
70116 82188 
70116 82729 
70116 83207 
70116 84029 
70116 85576 
70116 85885 
70116 85896 
70116 85901 
70116 86025 
70116 86108 
70116 86138 
70116 86219 
70116 86283 
70116 86682 
70116 86749 
70116 87359 
70116 87572 
70116 87663 
70116 87733 
70116 87744 
70116 87835 
70116 87841 
70116 88842 
70116 88858 
70116 88962 
70116 89535 
70116 89543 
70116 90021 
70116 90112 
70116 90394 
70116 90852 
70116 91205 
70116 91391 
70116 91694 
70116 91841 
70116 91973 
70116 91984 
70116 92028 
70116 92179 
70116 92404 
70116 92473 
70116 92716 
70116 92855 
70116 93600 
70116 93697 
70116 93838 
70116 94130 
70116 94168 
70116 94289 
70116 94341 
70116 94377 
70116 95323 
70116 95401 
70116 95712 
70116 95716 
70116 96302 
70116 96327 
70116 96356 
70116 96497 
70116 96622 
70116 97050 
70116 97053 
70116 97178 
70116 97288 
70116 97304 
70116 97427 
70116 97484 
70116 97597 
70116 97645 
70116 98253 
70116 98309 
70116 98994 
70116 99033 
70116 99061 
70116 99117 
70116 100308 
70117 101005 
70117 73860 
70117 78098 
70117 82395 
70117 82821 
70117 85669 
70117 93903 
70118 100561 
70118 89863 
70119 74441 
70121 72082 
70121 74137 
70121 93869 
70123 71730 
70123 74524 
70123 83687 
70123 88875 
70123 89046 
70125 75400 
70127 102470 
70129 82203 
70129 90158 
70130 103835 
70130 75875 
70130 76742 
70130 80946 
70130 92235 
70130 92734 
70130 95613 
70133 102015 
70133 74899 
70134 78985 
70134 80960 
70134 83807 
70134 84086 
70134 84430 
70134 99031 
70136 79486 
70137 70664 
70137 89603 
70137 90084 
70137 90265 
70137 91952 
70137 94783 
70138 101005 
70138 101276 
70138 73218 
70138 73337 
70138 73390 
70138 73572 
70138 73824 
70138 73946 
70138 73985 
70138 74137 
70138 74215 
70138 74611 
70138 76895 
70138 78523 
70138 80616 
70138 80651 
70138 82060 
70138 82316 
70138 82395 
70138 83685 
70138 87180 
70138 88888 
70138 89782 
70138 90128 
70138 91671 
70138 91892 
70138 92182 
70138 92468 
70138 93869 
70138 95164 
70138 95613 
70138 95760 
70139 103662 
70139 71059 
70139 73085 
70139 74669 
70139 89694 
70140 99631 
70140 101171 
70140 70447 
70140 70687 
70140 72084 
70140 72972 
70140 73071 
70140 74504 
70140 78620 
70140 78729 
70140 80427 
70140 82656 
70140 83182 
70140 86375 
70140 87863 
70140 89692 
70140 89867 
70140 90234 
70140 100167 
70141 101306 
70141 101530 
70141 74415 
70141 84424 
70141 91960 
70141 92838 
70141 100260 
70142 102152 
70142 78351 
70142 88571 
70142 88928 
70142 95993 
70144 72408 
70144 74216 
70144 77930 
70144 93159 
70144 94138 
70145 73684 
70145 96345 
70146 76184 
70146 90261 
70147 100941 
70147 77249 
70147 81191 
70147 94101 
70147 96150 
70147 100201 
70149 98914 
70151 70152 
70152 70155 
70152 72542 
70152 75816 
70152 77429 
70152 77824 
70152 80167 
70152 82188 
70152 85166 
70152 87273 
70152 92750 
70152 96894 
70152 99777 
70153 71867 
70153 75343 
70153 76003 
70153 78131 
70153 88011 
70153 91866 
70153 93059 
70153 94028 
70153 94760 
70154 78552 
70154 78563 
70154 93474 
70156 76259 
70156 85380 
70157 93331 
70157 94945 
70157 96891 
70158 103117 
70158 70452 
70158 70836 
70158 75036 
70158 76344 
70158 76841 
70158 76883 
70158 77416 
70158 88877 
70158 89258 
70158 91072 
70158 91414 
70158 92677 
70158 96239 
70160 79017 
70160 94565 
70161 70325 
70161 88325 
70162 70447 
70162 70589 
70162 82436 
70163 100852 
70163 73174 
70163 95201 
70164 70216 
70166 100852 
70166 70843 
70166 71340 
70166 75422 
70166 79670 
70166 82418 
70166 91555 
70166 91737 
70166 96487 
70166 100158 
70167 71828 
70167 88985 
70167 91727 
70167 92589 
70167 96064 
70167 96253 
70168 102173 
70168 71056 
70168 83519 
70168 94637 
70169 70340 
70169 71923 
70169 73008 
70169 73257 
70169 73299 
70169 73322 
70169 73356 
70169 73390 
70169 74232 
70169 74902 
70169 77889 
70169 79002 
70169 79114 
70169 79249 
70169 79250 
70169 79262 
70169 79829 
70169 80266 
70169 80817 
70169 81229 
70169 84431 
70169 88333 
70169 93202 
70170 70184 
70170 81578 
70170 85501 
70170 94802 
70170 95447 
70171 97854 
70173 75422 
70174 100504 
70174 92297 
70174 94229 
70174 95984 
70175 71086 
70175 71926 
70175 74850 
70175 76436 
70175 81456 
70175 84302 
70175 84619 
70175 84631 
70175 95110 
70175 95908 
70176 101503 
70176 70363 
70176 70413 
70176 70566 
70176 71131 
70176 71146 
70176 71176 
70176 73060 
70176 74292 
70176 74331 
70176 74650 
70176 74669 
70176 74676 
70176 77735 
70176 80580 
70176 81921 
70176 82218 
70176 83181 
70176 84912 
70176 85299 
70176 86088 
70176 87570 
70176 89651 
70176 89687 
70176 90125 
70176 90127 
70176 91279 
70176 93657 
70177 70405 
70177 71657 
70177 78494 
70177 80591 
70177 80911 
70177 81825 
70177 85219 
70177 88245 
70177 91957 
70177 93211 
70177 94817 
70177 95421 
70177 96116 
70177 96241 
70178 70316 
70179 74128 
70179 74151 
70179 87128 
70179 92884 
70179 93798 
70180 70262 
70180 74093 
70180 75211 
70181 94269 
70181 100318 
70182 89817 
70183 95201 
70185 99726 
70186 74091 
70186 74130 
70186 74137 
70186 88888 
70186 89301 
70186 93869 
70186 98422 
70188 85036 
70189 100964 
70189 70442 
70189 82546 
70189 83634 
70189 85734 
70189 88921 
70189 92544 
70189 95909 
70189 97091 
70190 102525 
70190 73837 
70190 81079 
70190 82396 
70190 82420 
70190 85665 
70190 88085 
70190 88896 
70190 94254 
70191 70566 
70191 82284 
70192 102554 
70192 102322 
70192 82509 
70193 100485 
70193 100689 
70193 101484 
70193 102162 
70193 70313 
70193 70461 
70193 70672 
70193 70688 
70193 70749 
70193 71176 
70193 71243 
70193 71247 
70193 71272 
70193 71804 
70193 72763 
70193 72895 
70193 73003 
70193 73006 
70193 73403 
70193 73416 
70193 73506 
70193 73601 
70193 73743 
70193 74267 
70193 74353 
70193 74605 
70193 74646 
70193 74669 
70193 74706 
70193 75713 
70193 76646 
70193 76780 
70193 76802 
70193 76971 
70193 77144 
70193 77907 
70193 78209 
70193 78526 
70193 78645 
70193 78781 
70193 78882 
70193 79050 
70193 80080 
70193 80123 
70193 80148 
70193 80404 
70193 80463 
70193 80487 
70193 80580 
70193 81827 
70193 82134 
70193 82630 
70193 83326 
70193 83498 
70193 83685 
70193 84057 
70193 84912 
70193 85034 
70193 85098 
70193 85114 
70193 85131 
70193 85299 
70193 86531 
70193 87180 
70193 87704 
70193 88070 
70193 89112 
70193 89328 
70193 89361 
70193 91161 
70193 91279 
70193 91321 
70193 91629 
70193 92089 
70193 92465 
70193 92566 
70193 92595 
70193 92997 
70193 93057 
70193 93078 
70193 93193 
70193 93299 
70193 93750 
70193 94251 
70193 94848 
70193 95171 
70193 95199 
70193 95608 
70193 95642 
70193 95743 
70193 95808 
70193 95846 
70193 95895 
70193 95910 
70193 96124 
70193 97010 
70193 97125 
70193 97354 
70193 98662 
70194 75894 
70194 78517 
70194 83633 
70194 85298 
70194 85684 
70194 87278 
70194 93320 
70194 93810 
70194 94107 
70194 94312 
70194 98355 
70196 70280 
70197 100658 
70197 82630 
70198 95201 
70199 74091 
70200 101588 
70200 102187 
70200 103697 
70200 103238 
70200 101527 
70200 70375 
70200 70397 
70200 70562 
70200 70583 
70200 70704 
70200 70749 
70200 70794 
70200 70863 
70200 70998 
70200 71157 
70200 71176 
70200 71213 
70200 71237 
70200 71277 
70200 71615 
70200 72568 
70200 72755 
70200 72943 
70200 72983 
70200 73021 
70200 73290 
70200 73308 
70200 73358 
70200 73359 
70200 73360 
70200 73373 
70200 73617 
70200 73982 
70200 74640 
70200 74642 
70200 74707 
70200 74715 
70200 74724 
70200 74794 
70200 74826 
70200 75378 
70200 75836 
70200 76844 
70200 78068 
70200 78138 
70200 78268 
70200 78273 
70200 78371 
70200 78560 
70200 79234 
70200 79392 
70200 79577 
70200 80080 
70200 80562 
70200 80670 
70200 82468 
70200 82472 
70200 82657 
70200 82893 
70200 82976 
70200 82996 
70200 83103 
70200 83127 
70200 83129 
70200 83176 
70200 83201 
70200 83204 
70200 83231 
70200 83343 
70200 83350 
70200 83376 
70200 83401 
70200 83410 
70200 83428 
70200 83437 
70200 83500 
70200 83537 
70200 83571 
70200 83649 
70200 83653 
70200 83666 
70200 83877 
70200 84783 
70200 84877 
70200 84908 
70200 84912 
70200 84962 
70200 84977 
70200 85054 
70200 85103 
70200 85200 
70200 85520 
70200 85598 
70200 85603 
70200 86113 
70200 87570 
70200 87891 
70200 88161 
70200 88889 
70200 89553 
70200 89611 
70200 89647 
70200 89661 
70200 89696 
70200 89717 
70200 89726 
70200 89830 
70200 89879 
70200 90162 
70200 90172 
70200 90234 
70200 91293 
70200 91397 
70200 91473 
70200 91779 
70200 91926 
70200 92398 
70200 92400 
70200 92925 
70200 94921 
70200 94966 
70200 94973 
70200 95670 
70200 95908 
70200 96102 
70200 96395 
70200 96664 
70200 96831 
70200 97149 
70200 97225 
70200 97536 
70200 98251 
70201 102230 
70201 74612 
70201 92465 
70201 93034 
70201 94125 
70201 94203 
70201 95886 
70201 100142 
70202 82688 
70204 75515 
70205 82557 
70205 84212 
70205 90753 
70206 102525 
70206 71740 
70206 75757 
70206 85034 
70206 85166 
70206 92544 
70206 92589 
70206 95137 
70208 70891 
70208 74930 
70208 75648 
70208 75911 
70208 77803 
70208 88777 
70208 89290 
70209 73006 
70209 74646 
70211 102426 
70211 90618 
70212 95201 
70214 89144 
70215 100852 
70215 102230 
70216 92166 
70216 93350 
70216 93403 
70216 99805 
70217 87359 
70221 89033 
70222 103621 
70222 102426 
70222 70712 
70222 70750 
70222 72315 
70222 73721 
70222 74946 
70222 74952 
70222 75186 
70222 75571 
70222 76325 
70222 77713 
70222 77824 
70222 77945 
70222 79999 
70222 80595 
70222 82821 
70222 84642 
70222 86830 
70222 89043 
70222 89144 
70222 89339 
70222 89414 
70222 91671 
70222 91737 
70222 91996 
70222 92234 
70222 92677 
70222 93056 
70222 93366 
70222 93500 
70222 94894 
70224 99467 
70224 99623 
70224 102487 
70224 92235 
70225 76177 
70225 84727 
70225 88672 
70226 70843 
70227 70330 
70227 74283 
70227 78039 
70227 78928 
70227 89144 
70227 90747 
70227 93595 
70228 71616 
70228 73186 
70228 73222 
70228 74242 
70228 74849 
70228 80585 
70228 81399 
70228 87565 
70228 88369 
70228 88889 
70228 91139 
70228 91543 
70228 91590 
70228 92264 
70228 94254 
70228 95551 
70229 99578 
70229 101610 
70229 70243 
70229 71218 
70229 71825 
70229 71999 
70229 72168 
70229 72293 
70229 72470 
70229 76495 
70229 78485 
70229 80192 
70229 82207 
70229 82398 
70229 82432 
70229 82717 
70229 82870 
70229 86540 
70229 87185 
70229 87247 
70229 87592 
70229 87752 
70229 89118 
70229 89882 
70229 89985 
70229 90820 
70229 92674 
70229 93403 
70229 93429 
70229 94236 
70229 95813 
70229 95885 
70229 97662 
70229 97710 
70229 97804 
70229 98780 
70230 100852 
70230 101505 
70230 74085 
70230 81376 
70230 88146 
70230 88777 
70232 100513 
70232 77376 
70234 70310 
70234 80401 
70234 91461 
70235 101598 
70235 71307 
70235 76648 
70235 78500 
70235 78537 
70235 78539 
70235 80543 
70235 80649 
70235 82212 
70235 83434 
70235 94009 
70235 96185 
70236 74448 
70236 75982 
70236 88777 
70236 90858 
70237 72013 
70237 75431 
70237 75593 
70237 76957 
70237 77861 
70237 93302 
70237 93458 
70237 93542 
70238 92589 
70238 98125 
70239 101657 
70239 101960 
70239 72990 
70239 73212 
70239 95201 
70242 103236 
70242 102525 
70242 70843 
70242 71203 
70242 72629 
70242 72835 
70242 73358 
70242 76224 
70242 77863 
70242 77934 
70242 78333 
70242 79132 
70242 79215 
70242 79507 
70242 80600 
70242 80622 
70242 80645 
70242 80649 
70242 82228 
70242 82363 
70242 82855 
70242 83107 
70242 83150 
70242 83344 
70242 85215 
70242 85223 
70242 85584 
70242 91671 
70242 91841 
70242 92096 
70242 92115 
70242 92128 
70242 92182 
70242 92229 
70242 92235 
70242 92404 
70242 92533 
70242 92589 
70242 92792 
70242 92802 
70242 93231 
70242 93346 
70242 95216 
70243 100490 
70243 70267 
70243 72097 
70243 77913 
70243 84612 
70243 85730 
70243 86341 
70243 86750 
70243 88738 
70243 89364 
70243 92560 
70245 101825 
70245 71157 
70245 73502 
70245 73758 
70245 74475 
70245 74640 
70245 74645 
70245 74659 
70245 74727 
70245 74729 
70245 74826 
70245 74953 
70245 75700 
70245 76947 
70245 77312 
70245 77954 
70245 78042 
70245 78087 
70245 82542 
70245 83472 
70245 84994 
70245 85013 
70245 85089 
70245 88419 
70245 88439 
70245 92139 
70245 92594 
70245 93059 
70245 95043 
70246 100852 
70246 100964 
70246 75422 
70246 100016 
70247 71936 
70247 72885 
70247 73171 
70247 75279 
70247 75936 
70247 77858 
70247 80619 
70247 81341 
70247 83521 
70247 85169 
70247 89049 
70247 89368 
70247 92427 
70247 93048 
70248 70638 
70248 85166 
70248 88195 
70248 89658 
70248 98662 
70249 83519 
70249 95002 
70249 98167 
70251 70267 
70253 70338 
70253 92915 
70254 103179 
70254 73030 
70254 74488 
70254 76871 
70254 80118 
70254 80598 
70254 82845 
70254 83459 
70254 83520 
70254 90892 
70254 92033 
70255 75422 
70256 74850 
70256 75640 
70256 75937 
70256 80672 
70256 81216 
70256 84801 
70257 83680 
70257 97954 
70257 98971 
70259 95201 
70260 92743 
70265 102230 
70265 101685 
70265 70968 
70265 70972 
70265 71037 
70265 71536 
70265 72713 
70265 73200 
70265 73221 
70265 73417 
70265 73420 
70265 73689 
70265 74379 
70265 74878 
70265 75274 
70265 75330 
70265 75407 
70265 75498 
70265 75604 
70265 75607 
70265 76096 
70265 76464 
70265 76730 
70265 77990 
70265 78902 
70265 79990 
70265 81425 
70265 81510 
70265 81696 
70265 82542 
70265 82924 
70265 83057 
70265 83066 
70265 83539 
70265 83624 
70265 83664 
70265 84567 
70265 85676 
70265 86422 
70265 87530 
70265 88107 
70265 88158 
70265 91129 
70265 91155 
70265 92126 
70265 92313 
70265 93454 
70265 94802 
70265 95795 
70265 96043 
70265 96442 
70265 96557 
70265 99988 
70266 100497 
70266 101685 
70266 75534 
70266 77376 
70267 74850 
70269 74009 
70269 74930 
70269 77384 
70269 89007 
70269 89339 
70270 101853 
70270 103766 
70270 70452 
70270 74052 
70270 74150 
70270 76030 
70270 78309 
70270 82543 
70270 82557 
70270 82605 
70270 88868 
70270 92119 
70270 98289 
70270 100433 
70271 78526 
70271 92963 
70271 98167 
70272 72092 
70272 74088 
70272 77697 
70272 89248 
70272 91712 
70272 92115 
70272 93074 
70272 93751 
70272 97911 
70273 102186 
70275 70383 
70275 91641 
70277 77117 
70277 77986 
70280 74044 
70280 76507 
70280 79844 
70280 90940 
70280 92677 
70281 71117 
70281 95201 
70283 70843 
70283 73172 
70283 77863 
70283 82839 
70283 88591 
70283 92209 
70283 92884 
70283 95201 
70283 96487 
70287 102525 
70287 83634 
70287 89318 
70287 95909 
70287 100387 
70289 85011 
70289 85084 
70290 74149 
70291 99522 
70291 100616 
70291 100852 
70291 100910 
70291 100964 
70291 101131 
70291 101601 
70291 101615 
70291 101619 
70291 104043 
70291 102979 
70291 72459 
70291 73085 
70291 74121 
70291 82560 
70291 82643 
70291 84503 
70291 85308 
70291 92671 
70291 93090 
70291 93994 
70291 98132 
70291 98402 
70292 101258 
70292 101433 
70292 95201 
70293 74231 
70293 96255 
70295 70940 
70295 72484 
70296 83150 
70298 72360 
70298 82316 
70298 85647 
70298 87328 
70298 88960 
70298 89612 
70298 89803 
70300 72959 
70300 74908 
70300 77424 
70300 81524 
70300 82273 
70300 90578 
70300 90904 
70302 103274 
70302 72241 
70302 72264 
70302 75463 
70302 82215 
70302 90066 
70302 90340 
70302 91331 
70302 94707 
70302 95795 
70302 96357 
70302 97705 
70303 80401 
70303 87180 
70304 74248 
70304 74995 
70304 75534 
70304 83700 
70304 83710 
70304 86725 
70304 86750 
70304 89338 
70304 91542 
70304 91561 
70304 98964 
70305 93019 
70307 99299 
70307 100898 
70307 101410 
70307 101970 
70307 102525 
70307 70654 
70307 71203 
70307 71433 
70307 71938 
70307 73360 
70307 73701 
70307 76478 
70307 78195 
70307 78856 
70307 80441 
70307 82751 
70307 82864 
70307 83505 
70307 85412 
70307 87683 
70307 89852 
70307 89876 
70307 90074 
70307 90496 
70307 91129 
70307 92331 
70307 93368 
70307 94301 
70307 94304 
70307 94659 
70307 95472 
70307 95665 
70307 95743 
70307 95764 
70308 102177 
70308 82644 
70308 82828 
70308 93124 
70308 100016 
70309 100134 
70310 75211 
70310 95014 
70311 81536 
70311 84612 
70312 100852 
70312 100964 
70312 102525 
70312 75422 
70312 100134 
70340 89771 
70354 101826 
70365 97975 
70383 89771 
70464 89771 
70484 101618 
70540 75532 
70552 98873 
70589 89771 
70613 85543 
70667 98873 
70711 101826 
70750 98873 
70898 75532 
71035 85839 
71071 97975 
71099 97975 
71191 97975 
71237 75532 
71250 85839 
71316 98437 
71316 98886 
71323 97975 
71341 101826 
71342 89771 
71342 98873 
71402 98873 
71417 98873 
71493 98873 
71516 75532 
71532 97975 
71533 98873 
71552 97975 
71604 86972 
71673 75532 
71676 97975 
71686 98873 
71691 102401 
71751 97975 
71781 97975 
71787 102401 
71824 101858 
71824 103813 
71824 103759 
71824 101588 
71824 102065 
71824 102198 
71824 102479 
71824 102611 
71824 103877 
71824 102247 
71824 103765 
71824 103508 
71824 101926 
71824 102444 
71824 102612 
71824 103553 
71824 102099 
71824 101749 
71824 101741 
71824 102866 
71824 102539 
71824 101630 
71824 101999 
71824 103855 
71824 101985 
71824 101945 
71824 102952 
71824 102919 
71824 103461 
71824 104103 
71824 101784 
71824 101829 
71824 101823 
71824 101785 
71824 73623 
71824 79787 
71824 84619 
71824 86588 
71824 88998 
71824 90543 
71824 92856 
71824 93246 
71828 97975 
71835 101763 
71858 101618 
71876 102429 
71883 97975 
71890 101826 
71930 101736 
71946 102690 
71982 89771 
72026 101736 
72043 98437 
72047 98873 
72060 102800 
72060 72343 
72060 98437 
72083 98873 
72129 102429 
72198 89771 
72205 89771 
72248 102401 
72283 90843 
72289 89771 
72327 101618 
72351 98886 
72396 89771 
72407 97975 
72412 101763 
72425 98873 
72566 75532 
72626 101736 
72728 77615 
72877 98873 
73034 98873 
73147 73227 
73186 98873 
73210 101826 
73227 99410 
73241 89771 
73247 98873 
73255 89771 
73260 98873 
73266 101736 
73269 89771 
73304 89771 
73308 102429 
73308 89771 
73319 90843 
73329 89771 
73339 89771 
73342 89771 
73348 98873 
73349 89771 
73353 98873 
73360 102401 
73366 102429 
73366 98886 
73385 89771 
73390 89771 
73409 101826 
73412 101618 
73414 73649 
73418 75532 
73455 101826 
73471 89771 
73493 98873 
73520 102429 
73522 89771 
73537 102429 
73537 89771 
73538 102429 
73558 89771 
73567 98873 
73578 101826 
73583 102429 
73594 75532 
73598 102429 
73609 89771 
73610 91690 
73618 98873 
73619 98873 
73627 97975 
73630 102429 
73643 101826 
73645 89771 
73649 75058 
73658 89771 
73663 89771 
73681 97975 
73699 89771 
73702 88173 
73708 89771 
73713 89771 
73713 94203 
73720 97975 
73728 89771 
73756 98873 
73827 85839 
74006 91690 
74057 75532 
74083 97975 
74158 97975 
74176 91526 
74220 89771 
74334 85839 
74335 98873 
74353 102401 
74420 101826 
74420 98873 
74479 101763 
74481 98886 
74591 77615 
74602 89771 
74669 101763 
74828 101826 
74882 98873 
74893 98873 
74904 98873 
74913 98873 
74921 85839 
74935 98873 
74938 97975 
74977 98886 
74982 89771 
74990 89771 
74994 102429 
75001 89771 
75010 89771 
75011 98873 
75015 98873 
75018 89771 
75022 98873 
75023 89771 
75027 98873 
75032 89771 
75036 89771 
75042 89771 
75044 89771 
75048 89771 
75060 89771 
75065 101736 
75066 75532 
75067 99629 
75067 76571 
75067 79521 
75067 81716 
75067 82296 
75067 85059 
75067 86716 
75067 90062 
75067 90167 
75067 94054 
75067 98130 
75067 98760 
75067 98964 
75069 89771 
75069 98873 
75070 102429 
75073 102401 
75073 89771 
75077 75252 
75084 89771 
75086 89771 
75104 89771 
75108 77615 
75111 89771 
75116 89771 
75118 98873 
75129 89771 
75133 89771 
75137 89771 
75162 98873 
75164 89771 
75168 85839 
75193 101826 
75228 85543 
75243 85543 
75252 102436 
75252 102616 
75252 79057 
75252 85716 
75252 86040 
75252 90802 
75252 99079 
75252 100456 
75265 85543 
75272 101826 
75296 98873 
75309 98873 
75359 80234 
75377 101763 
75378 98873 
75397 101763 
75408 101390 
75443 102429 
75443 89771 
75443 98873 
75445 89771 
75458 98873 
75463 89771 
75471 98873 
75487 98873 
75532 100599 
75532 100712 
75532 101241 
75532 101344 
75532 101361 
75532 75588 
75532 75602 
75532 75667 
75532 75900 
75532 76204 
75532 76549 
75532 76598 
75532 76945 
75532 77015 
75532 77171 
75532 77644 
75532 77688 
75532 77971 
75532 78542 
75532 78624 
75532 78778 
75532 80277 
75532 81173 
75532 87650 
75532 87689 
75532 91775 
75532 91961 
75532 92220 
75532 94257 
75532 95606 
75532 95624 
75532 95682 
75532 96365 
75532 97671 
75630 98886 
75652 98873 
75752 101431 
75768 89771 
75771 91526 
75775 89771 
75786 101826 
75834 101763 
75839 98873 
75843 89771 
75849 89771 
75849 98873 
75953 85839 
75954 89771 
75964 98873 
75968 98886 
75981 98873 
76189 85839 
76213 98873 
76309 91526 
76318 85543 
76398 101763 
76473 101736 
76503 101431 
76508 101826 
76511 101763 
76523 85839 
76524 101826 
76532 101431 
76532 85839 
76539 101431 
76557 98873 
76567 85839 
76703 89771 
76849 101826 
76863 89771 
76883 102429 
76883 89771 
76892 93600 
76894 98873 
76913 98873 
76944 85839 
76947 98873 
76981 102429 
77076 98873 
77094 101390 
77096 89771 
77110 91526 
77122 85839 
77133 102169 
77473 85543 
77574 98873 
77615 102075 
77615 78013 
77615 79149 
77615 79160 
77615 80243 
77615 80263 
77615 80500 
77615 81391 
77615 84297 
77615 84521 
77615 88479 
77615 91388 
77615 99274 
77669 98873 
77713 101826 
77744 98873 
77914 97975 
78114 101618 
78163 101431 
78195 97975 
78245 101390 
78276 89771 
78357 89771 
78420 101826 
78467 89771 
78551 91690 
78555 98873 
78585 98873 
78810 101736 
78882 98873 
78997 89771 
79002 89771 
79004 98873 
79019 102401 
79024 98873 
79041 98873 
79042 97975 
79077 89771 
79108 98873 
79159 89771 
79159 98873 
79162 101736 
79202 89771 
79231 101763 
79233 98873 
79234 91526 
79244 98873 
79249 89771 
79264 102429 
79271 89771 
79320 101763 
79333 102429 
79353 101618 
79376 89771 
79404 101826 
79404 98873 
79420 89771 
79433 89771 
79447 89771 
79450 102429 
79451 98873 
79458 98873 
79462 97975 
79473 102429 
79481 98873 
79505 101826 
79521 102429 
79536 98873 
79537 101763 
79643 98873 
79683 98886 
79751 101826 
79761 101763 
79777 89771 
79884 98873 
79921 98437 
79955 98873 
79960 98886 
79962 89771 
79962 98873 
79968 98886 
80018 97975 
80047 89771 
80070 98873 
80158 89771 
80163 98873 
80234 102609 
80234 80301 
80234 95261 
80234 98760 
80234 98852 
80243 101618 
80254 98873 
80258 101618 
80264 101736 
80266 101736 
80267 89771 
80274 89771 
80296 102429 
80296 91526 
80308 82029 
80319 98886 
80350 85839 
80358 89771 
80395 98873 
80424 98873 
80432 97975 
80474 101736 
80765 89771 
80836 98437 
80875 81923 
80875 89771 
80875 98739 
80948 89771 
81049 97975 
81064 98886 
81066 89771 
81081 101826 
81083 94203 
81091 98873 
81135 89771 
81154 97975 
81179 101431 
81184 98886 
81195 101763 
81211 97975 
81267 98886 
81270 89771 
81298 89771 
81338 89771 
81358 98873 
81506 101618 
81509 98873 
81510 97975 
81596 98873 
81618 89771 
81618 98873 
81630 98886 
81683 98886 
81827 101736 
81828 98873 
81860 89771 
81891 101826 
81894 97975 
81929 99217 
81948 89771 
81948 90843 
81959 98873 
81999 102429 
82029 101989 
82029 89453 
82029 93593 
82460 98873 
82494 89771 
82587 101390 
82673 93600 
82681 98873 
82897 97975 
82931 101763 
82970 101763 
83102 97975 
83194 101763 
83207 91526 
83345 101763 
83357 97975 
83416 98873 
83417 91526 
83580 93600 
83586 98873 
83700 89771 
83720 89771 
83725 89771 
83729 89771 
83752 89771 
83756 89771 
83759 94203 
83761 89771 
83761 98873 
83769 89771 
83776 101431 
83778 89771 
83778 94203 
83781 89771 
83791 89771 
83793 89771 
83797 89771 
83805 89771 
83807 89771 
83815 89771 
83822 89771 
83828 89771 
83829 89771 
83830 89771 
83831 102429 
83841 98873 
83843 102401 
83856 89771 
83864 89771 
83868 89771 
83875 89771 
83877 89771 
83889 89771 
83906 89771 
83918 89771 
83928 89771 
83932 89771 
83934 89771 
83939 89771 
83955 89771 
83957 89771 
83961 89771 
83971 89771 
83972 89771 
83972 98873 
83975 89771 
83981 101763 
83990 89771 
83992 89771 
83993 89771 
84002 89771 
84006 89771 
84021 89771 
84025 89771 
84029 85839 
84059 89771 
84066 89771 
84071 89771 
84074 98873 
84095 89771 
84101 89771 
84102 89771 
84103 89771 
84108 89771 
84163 89771 
84173 89771 
84177 89771 
84189 101826 
84189 98873 
84197 98873 
84202 101826 
84216 89771 
84222 89771 
84230 89771 
84232 98873 
84235 89771 
84243 98873 
84246 101826 
84260 89771 
84278 89771 
84280 89771 
84292 98873 
84295 89771 
84297 101618 
84297 98873 
84318 89771 
84329 98873 
84330 89771 
84335 98873 
84339 89771 
84345 89771 
84348 89771 
84362 89771 
84369 86972 
84393 89771 
84397 101826 
84397 98873 
84404 98873 
84410 89771 
84431 89771 
84446 89771 
84455 89771 
84462 89771 
84474 89771 
84482 89771 
84488 98873 
84507 89771 
84514 98873 
84516 101826 
84517 89771 
84520 89771 
84529 97975 
84533 98873 
84543 89771 
84546 89771 
84556 101826 
84579 89771 
84583 98873 
84592 89771 
84598 94203 
84604 98873 
84613 98873 
84618 98873 
84625 98873 
84630 89771 
84697 98873 
84701 89771 
84714 89771 
84720 89771 
84728 89771 
84751 101736 
84755 98873 
84764 98886 
84796 89771 
84797 102429 
84813 98873 
84821 97975 
84823 98873 
84825 89771 
84877 91690 
84920 98873 
85030 91526 
85035 97975 
85157 101763 
85171 89771 
85478 98873 
85490 97975 
85527 98873 
85543 99513 
85543 100836 
85543 101219 
85543 101305 
85543 101495 
85543 102021 
85543 101845 
85543 102552 
85543 101594 
85543 102444 
85543 102679 
85543 102870 
85543 102849 
85543 101681 
85543 102076 
85543 85734 
85543 86837 
85543 87424 
85543 87495 
85543 91393 
85543 93090 
85543 94041 
85543 94157 
85543 94189 
85543 94197 
85543 94217 
85543 94249 
85543 94336 
85543 95593 
85543 95748 
85543 98755 
85543 99155 
85543 99171 
85601 89771 
85778 89771 
85798 98873 
85839 100551 
85839 102819 
85839 85885 
85839 86232 
85839 87571 
85839 87572 
85839 87733 
85839 88807 
85839 90071 
85839 90650 
85839 90852 
85839 92473 
85839 93692 
85839 93874 
85839 94008 
85839 94021 
85839 94044 
85839 94711 
85839 95598 
85839 95716 
85839 96492 
85839 96576 
85839 96752 
85839 97034 
85839 97168 
85839 97278 
85839 97392 
85839 97427 
85839 97595 
85839 97608 
85902 101763 
85930 98886 
85962 98886 
86039 101618 
86080 101431 
86086 86159 
86124 89771 
86136 86972 
86142 98873 
86153 102429 
86159 86240 
86159 96772 
86233 89771 
86244 89771 
86280 101390 
86292 101390 
86319 102429 
86346 102401 
86352 101826 
86423 94203 
86447 98873 
86478 98873 
86482 98873 
86486 90843 
86491 101826 
86491 89771 
86495 89771 
86500 98873 
86659 98873 
86685 93600 
86737 92389 
86776 101390 
86855 101431 
86949 98873 
86962 98886 
86972 86985 
87392 89771 
87475 101763 
87573 89771 
87594 89771 
87616 101826 
87628 102429 
87630 101763 
87671 97975 
87736 89771 
87838 101763 
87845 93600 
87893 98873 
87896 101618 
87917 101763 
87926 101763 
88130 101763 
88138 98873 
88144 98873 
88173 100888 
88173 101912 
88173 90762 
88173 97460 
88243 101736 
88251 98886 
88298 98886 
88312 97975 
88330 98873 
88331 98886 
88412 102401 
88421 97975 
88428 97975 
88468 101826 
88478 89771 
88493 98886 
88501 101826 
88536 101736 
88543 97975 
88559 97975 
88614 97975 
88631 102429 
88661 98886 
88676 101618 
88681 98873 
88747 97975 
88781 99217 
88786 97975 
88890 98886 
88919 98886 
88947 97975 
89044 101736 
89082 101736 
89092 89771 
89136 98886 
89144 98873 
89238 89771 
89247 89771 
89256 102429 
89271 97975 
89285 89771 
89285 98886 
89296 89771 
89330 98873 
89369 101736 
89373 97975 
89385 101736 
89386 101390 
89387 98437 
89391 98886 
89463 97975 
89500 98886 
89516 97975 
89517 95372 
89519 102690 
89519 91526 
89520 97975 
89531 101763 
89540 101763 
89755 89771 
89771 101481 
89771 101952 
89771 102556 
89771 102612 
89771 90062 
89771 90319 
89771 90781 
89771 90998 
89771 91048 
89771 91053 
89771 91072 
89771 91159 
89771 91178 
89771 91216 
89771 91227 
89771 91250 
89771 91586 
89771 91712 
89771 92789 
89771 93185 
89771 93234 
89771 93283 
89771 93600 
89771 93777 
89771 93941 
89771 94147 
89771 94320 
89771 95038 
89771 95642 
89771 96076 
89771 96611 
89771 97261 
89771 97296 
89771 97898 
89848 101618 
89848 101736 
89940 98873 
89985 91690 
90027 101736 
90071 101763 
90086 98873 
90184 98873 
90222 98873 
90249 97975 
90313 97975 
90513 98873 
90521 101826 
90701 98886 
90706 98873 
90754 101431 
90768 98886 
90802 101390 
90810 102429 
90824 101390 
90843 102616 
90843 92789 
90843 97657 
90845 102429 
90852 101390 
90903 101826 
91000 97975 
91057 98886 
91069 102429 
91155 101763 
91239 101763 
91240 101826 
91247 97975 
91282 101618 
91299 98873 
91330 97975 
91339 98873 
91390 98873 
91445 101763 
91526 98737 
91526 99055 
91639 101763 
91639 97975 
91640 97975 
91690 101700 
91690 91727 
91690 94031 
91693 102429 
91702 98873 
91997 97975 
92219 101826 
92268 101826 
92280 98873 
92295 98873 
92560 98873 
92716 101431 
92768 101826 
92789 102429 
92911 98873 
93019 98873 
93047 98873 
93131 101390 
93178 98873 
93205 98437 
93269 101763 
93280 98873 
93285 98886 
93398 101736 
93540 97975 
93584 101826 
93600 99609 
93600 101550 
93600 96942 
93600 97358 
93600 97612 
93600 98164 
93600 98304 
93600 98598 
93600 100477 
93717 98873 
93739 101736 
93747 97975 
93764 98873 
93776 98886 
93845 98873 
93869 101736 
94179 98873 
94200 97975 
94289 101431 
94320 101431 
94375 98873 
94387 101826 
94414 98437 
94414 98873 
94418 98437 
94467 98010 
94548 101618 
94563 98873 
94618 98873 
94655 101826 
94660 101826 
94717 98873 
94767 101618 
94774 97975 
94774 98010 
94982 97975 
95044 101826 
95057 101826 
95073 101826 
95092 98873 
95262 101618 
95321 98010 
95353 101736 
95372 102604 
95372 101720 
95372 102840 
95372 98128 
95372 98200 
95372 99049 
95536 98873 
95586 101390 
95705 102690 
95870 97975 
95981 98873 
95997 98873 
96000 98873 
96030 98873 
96090 101826 
96127 98873 
96155 98873 
96247 98886 
96253 98886 
96261 98873 
96315 101763 
96379 102429 
96422 98873 
96435 101390 
96444 97975 
96624 101390 
96740 101431 
96758 101390 
96787 101390 
96795 101431 
97048 101390 
97178 101390 
97178 101431 
97268 101390 
97281 101390 
97305 101826 
97324 101763 
97361 101431 
97567 98873 
97612 102690 
97655 102690 
97758 98873 
97799 98886 
97975 101645 
97975 103382 
97975 102007 
97975 99191 
98008 99217 
98010 102060 
98010 98083 
98437 99148 
98741 98886 
98873 101169 
98873 101917 
98873 101733 
98886 101829 
98886 101933 
99217 101985 
100513 101736 
101349 101431 
101364 101390 
101390 101663 
102542 101763 
102911 101736 
102653 101618 
101618 103528 
101618 102700 
101618 103142 
101875 101736 
103355 101736 
